       1   -1.823890   -1.812449 1.000    0.000131    0.000131   -0.011441   -0.627278
       2   -2.087030   -2.041471 1.000    0.002076    0.002076   -0.045559   -2.182953
       3   -2.247300   -2.229764 1.000    0.000308    0.000308   -0.017536   -0.780336
       4   -2.306730   -2.321020 1.000    0.000204    0.000204    0.014290    0.619512
       5   -2.172920   -2.222308 1.000    0.002439    0.002439    0.049388    2.272896
       6   -1.768240   -1.783652 0.700    0.000238    0.000166    0.015412    0.871600
       7   -0.820430   -0.766914 0.300    0.002864    0.000859   -0.053516   -6.522963
 
       8   -0.281430   -0.290060 0.100    0.000074    0.000007    0.008630    3.066553
       9   -0.360690   -0.360117 0.200    0.000000    0.000000   -0.000573   -0.158943
      10   -0.443250   -0.438892 0.700    0.000019    0.000013   -0.004358   -0.983141
      11   -0.538540   -0.520278 1.000    0.000333    0.000333   -0.018262   -3.391002
      12   -0.596580   -0.590190 1.200    0.000041    0.000049   -0.006390   -1.071117
      13   -0.603470   -0.619879 1.600    0.000269    0.000431    0.016409    2.719064
      14   -0.579100   -0.554220 1.200    0.000619    0.000743   -0.024880   -4.296298
 
      15   -0.642310   -0.673315 0.300    0.000961    0.000288    0.031005    4.827050
      16   -0.810720   -0.840092 0.700    0.000863    0.000604    0.029372    3.622944
      17   -1.009860   -1.023627 1.000    0.000190    0.000190    0.013767    1.363217
      18   -1.228570   -1.201904 1.000    0.000711    0.000711   -0.026666   -2.170478
      19   -1.353680   -1.325418 1.000    0.000799    0.000799   -0.028262   -2.087812
      20   -1.306750   -1.293154 1.000    0.000185    0.000185   -0.013596   -1.040454
      21   -0.889600   -0.909498 1.000    0.000396    0.000396    0.019898    2.236778
 
      22   -0.358980   -0.481440 1.000    0.014996    0.014996    0.122460   34.113298
      23   -0.398050   -0.551797 1.000    0.023638    0.023638    0.153747   38.625084
      24   -0.427390   -0.621940 1.000    0.037850    0.037850    0.194550   45.520498
      25   -0.437130   -0.684645 1.000    0.061264    0.061264    0.247515   56.622763
      26   -0.410150   -0.727767 1.000    0.100881    0.100881    0.317617   77.439236
      27   -0.318690   -0.731591 0.700    0.170487    0.119341    0.412901  129.562003
      28   -0.124850   -0.664874 0.300    0.291626    0.087488    0.540024  432.538091
 
      29   -0.066430   -0.056232 0.200    0.000104    0.000021   -0.010198  -15.352085
      30   -0.084050   -0.073022 0.500    0.000122    0.000061   -0.011028  -13.121001
      31   -0.106190   -0.092470 0.800    0.000188    0.000151   -0.013720  -12.920407
      32   -0.132740   -0.112424 1.000    0.000413    0.000413   -0.020316  -15.304906
      33   -0.158590   -0.127181 1.000    0.000987    0.000987   -0.031409  -19.805445
      34   -0.169130   -0.123738 1.000    0.002060    0.002060   -0.045392  -26.838629
      35   -0.134560   -0.074541 1.000    0.003602    0.003602   -0.060019  -44.603530
      36    0.004250    0.076466 0.500    0.005215    0.002608   -0.072216 1699.211578
 
      37   -0.133710   -0.158708 1.000    0.000625    0.000625    0.024998   18.695670
      38   -0.166100   -0.192467 1.000    0.000695    0.000695    0.026367   15.874254
      39   -0.196370   -0.224711 1.000    0.000803    0.000803    0.028341   14.432326
      40   -0.218250   -0.245959 1.000    0.000768    0.000768    0.027709   12.695924
      41   -0.213570   -0.237099 1.000    0.000554    0.000554    0.023529   11.016887
      42   -0.141100   -0.161457 0.700    0.000414    0.000290    0.020357   14.427323
      43    0.079570    0.049233 0.300    0.000920    0.000276    0.030337  -38.126494
 
      44   -0.338470   -0.441109 1.000    0.010535    0.010535    0.102639   30.324327
      45   -0.359610   -0.505223 1.000    0.021203    0.021203    0.145613   40.491993
      46   -0.374670   -0.571061 1.000    0.038570    0.038570    0.196391   52.417130
      47   -0.378270   -0.633931 1.000    0.065362    0.065362    0.255661   67.586804
      48   -0.361900   -0.685936 1.000    0.104999    0.104999    0.324036   89.537356
      49   -0.310040   -0.714317 0.700    0.163440    0.114408    0.404277  130.395072
      50   -0.197000   -0.699005 0.300    0.252009    0.075603    0.502005  254.824963
 
      51   -0.042400   -0.037600 0.300    0.000023    0.000007   -0.004800  -11.320833
      52   -0.057140   -0.049445 0.700    0.000059    0.000041   -0.007695  -13.467583
      53   -0.074920   -0.063185 1.000    0.000138    0.000138   -0.011735  -15.663686
      54   -0.092170   -0.076974 1.000    0.000231    0.000231   -0.015196  -16.486578
      55   -0.107180   -0.085810 1.000    0.000457    0.000457   -0.021370  -19.938204
      56   -0.101590   -0.078015 1.000    0.000556    0.000556   -0.023575  -23.205831
      57   -0.062260   -0.028202 0.700    0.001160    0.000812   -0.034058  -54.702882
      58    0.060140    0.116655 0.300    0.003194    0.000958   -0.056515   93.972267
 
      59   -0.124400   -0.138284 1.000    0.000193    0.000193    0.013884   11.161051
      60   -0.155940   -0.168573 1.000    0.000160    0.000160    0.012633    8.101498
      61   -0.185780   -0.198921 1.000    0.000173    0.000173    0.013141    7.073630
      62   -0.204040   -0.222521 1.000    0.000342    0.000342    0.018481    9.057342
      63   -0.191440   -0.225485 1.000    0.001159    0.001159    0.034045   17.783894
      64   -0.113070   -0.181056 0.700    0.004622    0.003236    0.067986   60.127770
      65    0.087870   -0.039391 0.300    0.016195    0.004859    0.127261 -144.828924
 
      66   -1.678790   -2.047231 1.000    0.135749    0.135749    0.368441   21.946813
      67   -1.857490   -2.303987 1.000    0.199359    0.199359    0.446497   24.037634
      68   -1.995110   -2.531003 1.000    0.287181    0.287181    0.535893   26.860319
      69   -2.047900   -2.682146 1.000    0.402267    0.402267    0.634246   30.970533
      70   -1.953400   -2.682707 1.000    0.531889    0.531889    0.729307   37.335263
      71   -1.580220   -2.414468 0.700    0.695970    0.487179    0.834248   52.793162
      72   -0.931930   -1.693448 0.300    0.579910    0.173973    0.761518   81.714088
 
      73   -0.265640   -0.366088 0.300    0.010090    0.003027    0.100448   37.813457
      74   -0.329990   -0.464521 0.700    0.018099    0.012669    0.134531   40.768199
      75   -0.414220   -0.579552 1.000    0.027335    0.027335    0.165332   39.914083
      76   -0.508180   -0.705006 1.000    0.038741    0.038741    0.196826   38.731599
      77   -0.598050   -0.823979 1.000    0.051044    0.051044    0.225929   37.777620
      78   -0.648030   -0.898788 1.000    0.062880    0.062880    0.250758   38.695439
      79   -0.575270   -0.852700 0.700    0.076967    0.053877    0.277430   48.226034
      80   -0.137000   -0.537028 0.300    0.160022    0.048007    0.400028  291.991246
 
      81   -0.543940   -0.845621 0.300    0.091011    0.027303    0.301681   55.462203
      82   -0.690840   -1.047836 0.700    0.127446    0.089212    0.356996   51.675627
      83   -0.867670   -1.260603 1.000    0.154396    0.154396    0.392933   45.285944
      84   -1.034030   -1.445518 1.000    0.169322    0.169322    0.411488   39.794574
      85   -1.153120   -1.519973 1.000    0.134581    0.134581    0.366853   31.813961
      86   -1.072500   -1.318776 1.000    0.060652    0.060652    0.246276   22.962771
      87   -0.481800   -0.525048 1.000    0.001870    0.001870    0.043248    8.976308
 
      88   -1.578640   -1.100789 1.000    0.228341    0.228341   -0.477851  -30.269775
      89   -1.728100   -1.234085 1.000    0.244051    0.244051   -0.494015  -28.587160
      90   -1.848990   -1.342270 1.000    0.256765    0.256765   -0.506720  -27.405246
      91   -1.907730   -1.392802 1.000    0.265151    0.265151   -0.514928  -26.991657
      92   -1.850090   -1.332633 1.000    0.267762    0.267762   -0.517457  -27.969285
      93   -1.589420   -1.077095 0.700    0.262477    0.183734   -0.512325  -32.233434
      94   -0.945260   -0.493127 0.300    0.204425    0.061327   -0.452133  -47.831643
 
      95   -0.155640   -0.189197 0.300    0.001126    0.000338    0.033557   21.560753
      96   -0.202670   -0.238241 0.700    0.001265    0.000886    0.035571   17.551133
      97   -0.256440   -0.293548 1.000    0.001377    0.001377    0.037108   14.470381
      98   -0.310290   -0.349725 1.000    0.001555    0.001555    0.039435   12.708950
      99   -0.348890   -0.393943 1.000    0.002030    0.002030    0.045053   12.913349
     100   -0.338170   -0.399201 1.000    0.003725    0.003725    0.061031   18.047327
     101   -0.214250   -0.312081 0.700    0.009571    0.006700    0.097831   45.661965
     102    0.175930   -0.030739 0.300    0.042712    0.012814    0.206669 -117.472074
 
     103   -0.478910   -0.461247 0.300    0.000312    0.000094   -0.017663   -3.688240
     104   -0.612250   -0.564693 0.700    0.002262    0.001583   -0.047557   -7.767548
     105   -0.759140   -0.668728 1.000    0.008174    0.008174   -0.090412  -11.909769
     106   -0.900560   -0.749530 1.000    0.022810    0.022810   -0.151030  -16.770675
     107   -1.031550   -0.757890 1.000    0.074890    0.074890   -0.273660  -26.529054
     108   -1.021930   -0.597953 1.000    0.179757    0.179757   -0.423977  -41.487905
     109   -0.811960   -0.089421 1.000    0.522063    0.522063   -0.722539  -88.987051
 
     110   -1.229270   -2.502811 1.000    1.621907    1.621907    1.273541  103.601428
     111   -1.333530   -2.828467 1.000    2.234837    2.234837    1.494937  112.103755
     112   -1.445670   -3.130595 1.000    2.838973    2.838973    1.684925  116.549777
     113   -1.506210   -3.361813 1.000    3.443264    3.443264    1.855603  123.196859
     114   -1.404190   -3.445184 1.000    4.165656    4.165656    2.040994  145.350271
     115   -1.042680   -3.258915 1.000    4.911696    4.911696    2.216235  212.551754
 
     116   -0.358300   -0.399706 0.300    0.001714    0.000514    0.041406   11.556333
     117   -0.477980   -0.513332 0.500    0.001250    0.000625    0.035352    7.396155
     118   -0.645310   -0.646356 0.700    0.000001    0.000001    0.001046    0.162094
     119   -0.844990   -0.789379 1.000    0.003093    0.003093   -0.055611   -6.581213
     120   -1.045170   -0.916690 1.000    0.016507    0.016507   -0.128480  -12.292764
     121   -1.170580   -0.970045 1.000    0.040214    0.040214   -0.200535  -17.131292
     122   -1.085750   -0.828258 1.000    0.066302    0.066302   -0.257492  -23.715565
     123   -0.519420   -0.250739 0.500    0.072189    0.036095   -0.268681  -51.727103
 
     124   -0.744760   -0.980757 1.000    0.055694    0.055694    0.235997   31.687614
     125   -0.890050   -1.204577 1.000    0.098927    0.098927    0.314527   35.338117
     126   -1.043710   -1.429086 1.000    0.148515    0.148515    0.385376   36.923669
     127   -1.133050   -1.599897 1.000    0.217946    0.217946    0.466847   41.202646
     128   -1.041410   -1.603548 1.000    0.315999    0.315999    0.562138   53.978576
     129   -0.558500   -1.216971 1.000    0.433583    0.433583    0.658471  117.899825
 
     130   -2.944170   -2.017964 1.000    0.857858    0.857858   -0.926206  -31.458997
     131   -3.231840   -2.192149 1.000    1.080957    1.080957   -1.039691  -32.170239
     132   -3.454400   -2.299010 1.000    1.334926    1.334926   -1.155390  -33.446906
     133   -3.544450   -2.279509 1.000    1.600077    1.600077   -1.264941  -35.687948
     134   -3.413090   -2.042464 1.000    1.878615    1.878615   -1.370626  -40.157911
     135   -2.884820   -1.449024 0.700    2.061511    1.443057   -1.435796  -49.770738
     136   -1.728870   -0.290002 0.300    2.070342    0.621103   -1.438868  -83.225935
 
     137   -0.317410   -0.327187 1.000    0.000096    0.000096    0.009777    3.080368
     138   -0.462750   -0.418010 1.000    0.002002    0.002002   -0.044740   -9.668350
     139   -0.624660   -0.521515 1.000    0.010639    0.010639   -0.103145  -16.512170
     140   -0.745690   -0.626593 1.000    0.014184    0.014184   -0.119097  -15.971418
     141   -0.663220   -0.697760 1.000    0.001193    0.001193    0.034540    5.207868
     142   -0.378710   -0.479495 1.000    0.010158    0.010158    0.100785   26.612710
 
     143   -0.908240   -0.786070 1.000    0.014926    0.014926   -0.122170  -13.451343
     144   -1.128110   -0.953894 1.000    0.030351    0.030351   -0.174216  -15.443196
     145   -1.351620   -1.104957 1.000    0.060843    0.060843   -0.246663  -18.249467
     146   -1.511490   -1.177257 1.000    0.111712    0.111712   -0.334233  -22.112820
     147   -1.494920   -1.044225 1.000    0.203126    0.203126   -0.450695  -30.148419
     148   -1.067400   -0.458995 0.700    0.370157    0.259110   -0.608405  -56.998780
     149    0.163210    1.046588 0.300    0.780356    0.234107   -0.883378  541.252124
 
     150   -2.585360   -2.608263 1.000    0.000525    0.000525    0.022903    0.885878
     151   -2.830810   -2.866028 1.000    0.001240    0.001240    0.035218    1.244103
     152   -3.023660   -3.045500 1.000    0.000477    0.000477    0.021840    0.722295
     153   -3.105730   -3.069366 1.000    0.001322    0.001322   -0.036364   -1.170873
     154   -2.924120   -2.816046 1.000    0.011680    0.011680   -0.108074   -3.695935
     155   -2.181080   -2.097450 0.700    0.006994    0.004896   -0.083630   -3.834330
     156   -0.461860   -0.626158 0.300    0.026994    0.008098    0.164298   35.573214
 
     157   -0.332880   -0.363458 1.000    0.000935    0.000935    0.030578    9.185969
     158   -0.432320   -0.461854 1.000    0.000872    0.000872    0.029534    6.831624
     159   -0.545840   -0.569009 1.000    0.000537    0.000537    0.023169    4.244727
     160   -0.662710   -0.665878 0.500    0.000010    0.000005    0.003168    0.478091
     161   -0.761440   -0.707962 1.000    0.002860    0.002860   -0.053478   -7.023210
     162   -0.521450   -0.600552 0.500    0.006257    0.003129    0.079102   15.169614
     163   -0.119220   -0.151924 1.000    0.001070    0.001070    0.032704   27.431917
 
     164   -1.181450   -1.097460 1.000    0.007054    0.007054   -0.083990   -7.109050
     165   -1.224030   -1.239185 1.200    0.000230    0.000276    0.015155    1.238127
     166   -1.254900   -1.267886 1.600    0.000169    0.000270    0.012986    1.034790
     167   -1.002760   -1.028303 1.200    0.000652    0.000783    0.025543    2.547248
     168   -0.193740   -0.226143 0.700    0.001050    0.000735    0.032403   16.724994
     169    1.614650    1.683357 0.300    0.004721    0.001416   -0.068707    4.255229
 
     170   -6.508530   -6.342898 1.000    0.027434    0.027434   -0.165632   -2.544841
     171   -7.028380   -6.944269 1.000    0.007075    0.007075   -0.084111   -1.196733
     172   -7.405050   -7.390949 1.000    0.000199    0.000199   -0.014101   -0.190427
     173   -7.516580   -7.536164 1.000    0.000384    0.000384    0.019584    0.260541
     174   -7.165650   -7.154532 1.000    0.000124    0.000124   -0.011118   -0.155158
     175   -5.916240   -5.905249 1.000    0.000121    0.000121   -0.010991   -0.185773
 
     176   -0.676100   -0.710571 0.500    0.001188    0.000594    0.034471    5.098538
     177   -0.888730   -0.914076 1.000    0.000642    0.000642    0.025346    2.851947
     178   -1.131310   -1.139704 1.000    0.000070    0.000070    0.008394    0.741938
     179   -1.368030   -1.348142 1.000    0.000396    0.000396   -0.019888   -1.453738
     180   -1.494150   -1.443117 1.000    0.002604    0.002604   -0.051033   -3.415519
     181   -1.160030   -1.212476 1.000    0.002751    0.002751    0.052446    4.521088
     182   -0.227010   -0.213608 0.500    0.000180    0.000090   -0.013402   -5.903886
 
     183   -2.042180   -2.115070 1.000    0.005313    0.005313    0.072890    3.569247
     184   -2.520510   -2.554682 1.000    0.001168    0.001168    0.034172    1.355751
     185   -2.946320   -2.941110 1.000    0.000027    0.000027   -0.005210   -0.176835
     186   -3.135360   -3.104297 1.000    0.000965    0.000965   -0.031063   -0.990743
     187   -2.732570   -2.700551 1.000    0.001025    0.001025   -0.032019   -1.171772
     188   -1.061290   -1.064620 1.000    0.000011    0.000011    0.003330    0.313795
